33,11
33,12
33,13
33,14
33,15
33,16
33,17
33,18
33,19
33,20
33,21
33,22
33,23
32,23
31,23
31,24
31,25
32,25
33,25
33,26
33,27
33,28
33,29
34,29
35,29
35,30
35,31
34,31
33,31
32,31
31,31
31,30
31,29
31,28
31,27
30,27
29,27
29,28
29,29
29,30
29,31
28,31
27,31
27,30
27,29
27,28
27,27
27,26
27,25
28,25
29,25
29,24
29,23
29,22
29,21
30,21
31,21
31,20
31,19
31,18
31,17
31,16
31,15
31,14
31,13
30,13
29,13
29,14
29,15
29,16
29,17
29,18
29,19
28,19
27,19
27,18
27,17
27,16
27,15
27,14
27,13
27,12
27,11
28,11
29,11
30,11
31,11
31,10
31,9
31,8
31,7
32,7
33,7
33,8
33,9
34,9
35,9
35,8
35,7
35,6
35,5
36,5
37,5
37,4
37,3
36,3
35,3
35,2
35,1
34,1
33,1
33,2
33,3
33,4
33,5
32,5
31,5
31,4
31,3
31,2
31,1
30,1
29,1
29,2
29,3
29,4
29,5
29,6
29,7
29,8
29,9
28,9
27,9
27,8
27,7
26,7
25,7
25,6
25,5
25,4
25,3
26,3
27,3
27,2
27,1
26,1
25,1
24,1
23,1
23,2
23,3
23,4
23,5
22,5
21,5
21,4
21,3
21,2
21,1
20,1
19,1
18,1
17,1
16,1
15,1
14,1
13,1
13,2
13,3
14,3
15,3
16,3
17,3
18,3
19,3
19,4
19,5
19,6
19,7
20,7
21,7
22,7
23,7
23,8
23,9
24,9
25,9
25,10
25,11
24,11
23,11
22,11
21,11
21,12
21,13
22,13
23,13
24,13
25,13
25,14
25,15
24,15
23,15
22,15
21,15
20,15
19,15
19,14
19,13
19,12
19,11
19,10
19,9
18,9
17,9
17,8
17,7
17,6
17,5
16,5
15,5
15,6
15,7
15,8
15,9
15,10
15,11
16,11
17,11
17,12
17,13
16,13
15,13
14,13
13,13
13,12
13,11
13,10
13,9
13,8
13,7
12,7
11,7
11,8
11,9
11,10
11,11
10,11
9,11
9,10
9,9
9,8
9,7
9,6
9,5
10,5
11,5
11,4
11,3
11,2
11,1
10,1
9,1
9,2
9,3
8,3
7,3
7,4
7,5
7,6
7,7
6,7
5,7
5,6
5,5
5,4
5,3
5,2
5,1
4,1
3,1
2,1
1,1
1,2
1,3
2,3
3,3
3,4
3,5
2,5
1,5
1,6
1,7
2,7
3,7
3,8
3,9
4,9
5,9
6,9
7,9
7,10
7,11
6,11
5,11
4,11
3,11
2,11
1,11
1,12
1,13
1,14
1,15
1,16
1,17
2,17
3,17
3,16
3,15
3,14
3,13
4,13
5,13
6,13
7,13
7,14
7,15
6,15
5,15
5,16
5,17
6,17
7,17
8,17
9,17
9,16
9,15
9,14
9,13
10,13
11,13
11,14
11,15
12,15
13,15
13,16
13,17
14,17
15,17
15,16
15,15
16,15
17,15
17,16
17,17
17,18
17,19
16,19
15,19
15,20
15,21
16,21
17,21
18,21
19,21
20,21
21,21
21,20
21,19
20,19
19,19
19,18
19,17
20,17
21,17
22,17
23,17
24,17
25,17
25,18
25,19
24,19
23,19
23,20
23,21
24,21
25,21
26,21
27,21
27,22
27,23
26,23
25,23
24,23
23,23
22,23
21,23
21,24
21,25
22,25
23,25
24,25
25,25
25,26
25,27
25,28
25,29
24,29
23,29
23,28
23,27
22,27
21,27
21,28
21,29
20,29
19,29
19,28
19,27
19,26
19,25
19,24
19,23
18,23
17,23
17,24
17,25
16,25
15,25
15,26
15,27
16,27
17,27
17,28
17,29
16,29
15,29
15,30
15,31
14,31
13,31
13,30
13,29
13,28
13,27
13,26
13,25
13,24
13,23
13,22
13,21
13,20
13,19
12,19
11,19
11,20
11,21
10,21
9,21
8,21
7,21
7,20
7,19
6,19
5,19
4,19
3,19
2,19
1,19
1,20
1,21
2,21
3,21
4,21
5,21
5,22
5,23
6,23
7,23
8,23
9,23
10,23
11,23
11,24
11,25
10,25
9,25
8,25
7,25
6,25
5,25
4,25
3,25
3,24
3,23
2,23
1,23
1,24
1,25
1,26
1,27
2,27
3,27
4,27
5,27
6,27
7,27
8,27
9,27
10,27
11,27
11,28
11,29
11,30
11,31
10,31
9,31
9,32
9,33
8,33
7,33
7,32
7,31
7,30
7,29
6,29
5,29
4,29
3,29
2,29
1,29
1,30
1,31
2,31
3,31
4,31
5,31
5,32
5,33
5,34
5,35
4,35
3,35
3,34
3,33
2,33
1,33
1,34
1,35
1,36
1,37
1,38
1,39
2,39
3,39
3,38
3,37
4,37
5,37
6,37
7,37
7,36
7,35
8,35
9,35
9,36
9,37
10,37
11,37
11,36
11,35
11,34
11,33
12,33
13,33
13,34
13,35
14,35
15,35
15,34
15,33
16,33
17,33
17,32
17,31
18,31
19,31
20,31
21,31
22,31
23,31
24,31
25,31
25,32
25,33
26,33
27,33
28,33
29,33
30,33
31,33
32,33
33,33
34,33
35,33
35,34
35,35
34,35
33,35
32,35
31,35
30,35
29,35
28,35
27,35
26,35
25,35
24,35
23,35
23,34
23,33
22,33
21,33
20,33
19,33
19,34
19,35
20,35
21,35
21,36
21,37
20,37
19,37
19,38
19,39
20,39
21,39
22,39
23,39
23,38
23,37
24,37
25,37
25,38
25,39
26,39
27,39
27,38
27,37
28,37
29,37
30,37
31,37
32,37
33,37
34,37
35,37
35,38
35,39
36,39
37,39
38,39
39,39
39,40
39,41
38,41
37,41
36,41
35,41
34,41
33,41
33,40
33,39
32,39
31,39
31,40
31,41
30,41
29,41
28,41
27,41
26,41
25,41
25,42
25,43
26,43
27,43
28,43
29,43
30,43
31,43
32,43
33,43
34,43
35,43
36,43
37,43
38,43
39,43
40,43
41,43
42,43
43,43
44,43
45,43
45,44
45,45
44,45
43,45
43,46
43,47
42,47
41,47
41,46
41,45
40,45
39,45
39,46
39,47
38,47
37,47
37,46
37,45
36,45
35,45
35,46
35,47
34,47
33,47
33,46
33,45
32,45
31,45
31,46
31,47
30,47
29,47
29,46
29,45
28,45
27,45
27,46
27,47
26,47
25,47
24,47
23,47
23,46
23,45
22,45
21,45
21,44
21,43
22,43
23,43
23,42
23,41
22,41
21,41
20,41
19,41
19,42
19,43
18,43
17,43
17,42
17,41
17,40
17,39
17,38
17,37
16,37
15,37
14,37
13,37
13,38
13,39
14,39
15,39
15,40
15,41
15,42
15,43
14,43
13,43
13,42
13,41
12,41
11,41
11,42
11,43
11,44
11,45
10,45
9,45
9,44
9,43
9,42
9,41
9,40
9,39
8,39
7,39
6,39
5,39
5,40
5,41
6,41
7,41
7,42
7,43
7,44
7,45
6,45
5,45
4,45
3,45
3,44
3,43
3,42
3,41
2,41
1,41
1,42
1,43
1,44
1,45
1,46
1,47
1,48
1,49
2,49
3,49
3,48
3,47
4,47
5,47
6,47
7,47
8,47
9,47
10,47
11,47
12,47
13,47
13,46
13,45
14,45
15,45
15,46
15,47
16,47
17,47
17,46
17,45
18,45
19,45
19,46
19,47
20,47
21,47
21,48
21,49
20,49
19,49
18,49
17,49
16,49
15,49
14,49
13,49
12,49
11,49
10,49
9,49
8,49
7,49
6,49
5,49
5,50
5,51
6,51
7,51
8,51
9,51
10,51
11,51
12,51
13,51
14,51
15,51
16,51
17,51
18,51
19,51
19,52
19,53
18,53
17,53
16,53
15,53
14,53
13,53
12,53
11,53
10,53
9,53
8,53
7,53
6,53
5,53
4,53
3,53
3,52
3,51
2,51
1,51
1,52
1,53
1,54
1,55
2,55
3,55
3,56
3,57
4,57
5,57
5,56
5,55
6,55
7,55
7,56
7,57
8,57
9,57
9,56
9,55
10,55
11,55
12,55
13,55
14,55
15,55
15,56
15,57
14,57
13,57
12,57
11,57
11,58
11,59
10,59
9,59
8,59
7,59
6,59
5,59
5,60
5,61
4,61
3,61
3,60
3,59
2,59
1,59
1,60
1,61
1,62
1,63
2,63
3,63
4,63
5,63
5,64
5,65
4,65
3,65
2,65
1,65
1,66
1,67
2,67
3,67
3,68
3,69
2,69
1,69
1,70
1,71
2,71
3,71
4,71
5,71
6,71
7,71
7,70
7,69
6,69
5,69
5,68
5,67
6,67
7,67
7,66
7,65
8,65
9,65
9,64
9,63
8,63
7,63
7,62
7,61
8,61
9,61
10,61
11,61
11,62
11,63
11,64
11,65
12,65
13,65
13,64
13,63
13,62
13,61
13,60
13,59
14,59
15,59
15,60
15,61
16,61
17,61
18,61
19,61
19,60
19,59
18,59
17,59
17,58
17,57
17,56
17,55
18,55
19,55
19,56
19,57
20,57
21,57
21,56
21,55
21,54
21,53
21,52
21,51
22,51
23,51
23,50
23,49
24,49
25,49
25,50
25,51
25,52
25,53
26,53
27,53
27,52
27,51
27,50
27,49
28,49
29,49
29,50
29,51
29,52
29,53
30,53
31,53
31,52
31,51
31,50
31,49
32,49
33,49
34,49
35,49
36,49
37,49
37,50
37,51
36,51
35,51
34,51
33,51
33,52
33,53
34,53
35,53
36,53
37,53
38,53
39,53
39,52
39,51
39,50
39,49
40,49
41,49
41,50
41,51
41,52
41,53
42,53
43,53
43,52
43,51
43,50
43,49
44,49
45,49
45,50
45,51
45,52
45,53
46,53
47,53
47,52
47,51
48,51
49,51
49,50
49,49
48,49
47,49
47,48
47,47
48,47
49,47
50,47
51,47
52,47
53,47
53,48
53,49
52,49
51,49
51,50
51,51
52,51
53,51
53,52
53,53
54,53
55,53
55,52
55,51
56,51
57,51
57,52
57,53
58,53
59,53
59,54
59,55
60,55
61,55
61,56
61,57
62,57
63,57
64,57
65,57
65,58
65,59
64,59
63,59
63,60
63,61
63,62
63,63
62,63
61,63
61,62
61,61
61,60
61,59
60,59
59,59
59,58
59,57
58,57
57,57
57,56
57,55
56,55
55,55
55,56
55,57
54,57
53,57
53,56
53,55
52,55
51,55
51,54
51,53
50,53
49,53
49,54
49,55
49,56
49,57
48,57
47,57
47,56
47,55
46,55
45,55
44,55
43,55
42,55
41,55
40,55
39,55
39,56
39,57
40,57
41,57
42,57
43,57
44,57
45,57
45,58
45,59
44,59
43,59
43,60
43,61
43,62
43,63
44,63
45,63
45,62
45,61
46,61
47,61
47,60
47,59
48,59
49,59
49,60
49,61
50,61
51,61
51,60
51,59
52,59
53,59
53,60
53,61
54,61
55,61
55,60
55,59
56,59
57,59
57,60
57,61
58,61
59,61
59,62
59,63
58,63
57,63
57,64
57,65
56,65
55,65
55,64
55,63
54,63
53,63
52,63
51,63
51,64
51,65
52,65
53,65
53,66
53,67
54,67
55,67
56,67
57,67
58,67
59,67
60,67
61,67
61,66
61,65
62,65
63,65
63,66
63,67
63,68
63,69
64,69
65,69
65,70
65,71
64,71
63,71
63,72
63,73
62,73
61,73
61,72
61,71
61,70
61,69
60,69
59,69
58,69
57,69
56,69
55,69
54,69
53,69
52,69
51,69
51,68
51,67
50,67
49,67
49,66
49,65
49,64
49,63
48,63
47,63
47,64
47,65
46,65
45,65
44,65
43,65
42,65
41,65
41,64
41,63
41,62
41,61
41,60
41,59
40,59
39,59
39,60
39,61
38,61
37,61
37,60
37,59
37,58
37,57
37,56
37,55
36,55
35,55
34,55
33,55
32,55
31,55
30,55
29,55
28,55
27,55
26,55
25,55
24,55
23,55
23,56
23,57
24,57
25,57
26,57
27,57
27,58
27,59
26,59
25,59
24,59
23,59
22,59
21,59
21,60
21,61
22,61
23,61
24,61
25,61
26,61
27,61
28,61
29,61
29,60
29,59
29,58
29,57
30,57
31,57
31,58
31,59
32,59
33,59
33,58
33,57
34,57
35,57
35,58
35,59
35,60
35,61
34,61
33,61
32,61
31,61
31,62
31,63
32,63
33,63
34,63
35,63
36,63
37,63
38,63
39,63
39,64
39,65
38,65
37,65
36,65
35,65
34,65
33,65
32,65
31,65
30,65
29,65
29,64
29,63
28,63
27,63
27,64
27,65
26,65
25,65
25,66
25,67
24,67
23,67
23,66
23,65
23,64
23,63
22,63
21,63
20,63
19,63
18,63
17,63
16,63
15,63
15,64
15,65
16,65
17,65
18,65
19,65
20,65
21,65
21,66
21,67
20,67
19,67
18,67
17,67
16,67
15,67
14,67
13,67
12,67
11,67
10,67
9,67
9,68
9,69
10,69
11,69
11,70
11,71
12,71
13,71
13,70
13,69
14,69
15,69
16,69
17,69
18,69
19,69
20,69
21,69
22,69
23,69
24,69
25,69
26,69
27,69
27,68
27,67
28,67
29,67
30,67
31,67
32,67
33,67
34,67
35,67
36,67
37,67
38,67
39,67
40,67
41,67
42,67
43,67
44,67
45,67
46,67
47,67
47,68
47,69
46,69
45,69
44,69
43,69
42,69
41,69
40,69
39,69
38,69
37,69
36,69
35,69
34,69
33,69
32,69
31,69
31,70
31,71
32,71
33,71
34,71
35,71
35,72
35,73
34,73
33,73
32,73
31,73
30,73
29,73
29,72
29,71
28,71
27,71
27,72
27,73
27,74
27,75
27,76
27,77
28,77
29,77
29,76
29,75
30,75
31,75
32,75
33,75
34,75
35,75
36,75
37,75
37,74
37,73
37,72
37,71
38,71
39,71
39,72
39,73
40,73
41,73
41,72
41,71
42,71
43,71
43,72
43,73
44,73
45,73
46,73
47,73
47,72
47,71
48,71
49,71
49,72
49,73
50,73
51,73
51,72
51,71
52,71
53,71
54,71
55,71
56,71
57,71
58,71
59,71
59,72
59,73
58,73
57,73
56,73
55,73
54,73
53,73
53,74
53,75
54,75
55,75
56,75
57,75
57,76
57,77
56,77
55,77
54,77
53,77
53,78
53,79
54,79
55,79
56,79
57,79
57,80
57,81
58,81
59,81
60,81
61,81
61,80
61,79
62,79
63,79
63,80
63,81
63,82
63,83
62,83
61,83
60,83
59,83
59,84
59,85
58,85
57,85
57,84
57,83
56,83
55,83
55,82
55,81
54,81
53,81
52,81
51,81
51,80
51,79
51,78
51,77
51,76
51,75
50,75
49,75
48,75
47,75
47,76
47,77
48,77
49,77
49,78
49,79
49,80
49,81
48,81
47,81
47,80
47,79
46,79
45,79
45,78
45,77
45,76
45,75
44,75
43,75
42,75
41,75
40,75
39,75
39,76
39,77
40,77
41,77
42,77
43,77
43,78
43,79
42,79
41,79
41,80
41,81
40,81
39,81
39,80
39,79
38,79
37,79
37,78
37,77
36,77
35,77
35,78
35,79
34,79
33,79
33,78
33,77
32,77
31,77
31,78
31,79
30,79
29,79
29,80
29,81
30,81
31,81
32,81
33,81
34,81
35,81
35,82
35,83
36,83
37,83
38,83
39,83
40,83
41,83
42,83
43,83
43,82
43,81
44,81
45,81
45,82
45,83
46,83
47,83
47,84
47,85
48,85
49,85
50,85
51,85
51,84
51,83
52,83
53,83
53,84
53,85
54,85
55,85
55,86
55,87
54,87
53,87
52,87
51,87
50,87
49,87
48,87
47,87
46,87
45,87
45,86
45,85
44,85
43,85
43,86
43,87
42,87
41,87
41,86
41,85
40,85
39,85
39,86
39,87
38,87
37,87
37,86
37,85
36,85
35,85
35,86
35,87
34,87
33,87
33,86
33,85
33,84
33,83
32,83
31,83
31,84
31,85
31,86
31,87
30,87
29,87
29,86
29,85
29,84
29,83
28,83
27,83
27,82
27,81
27,80
27,79
26,79
25,79
25,78
25,77
25,76
25,75
25,74
25,73
25,72
25,71
24,71
23,71
23,72
23,73
23,74
23,75
22,75
21,75
21,74
21,73
21,72
21,71
20,71
19,71
19,72
19,73
19,74
19,75
19,76
19,77
18,77
17,77
17,76
17,75
17,74
17,73
17,72
17,71
16,71
15,71
15,72
15,73
14,73
13,73
13,74
13,75
14,75
15,75
15,76
15,77
14,77
13,77
12,77
11,77
11,76
11,75
11,74
11,73
10,73
9,73
9,74
9,75
9,76
9,77
9,78
9,79
10,79
11,79
12,79
13,79
14,79
15,79
15,80
15,81
16,81
17,81
17,80
17,79
18,79
19,79
19,80
19,81
19,82
19,83
20,83
21,83
21,82
21,81
21,80
21,79
21,78
21,77
22,77
23,77
23,78
23,79
23,80
23,81
24,81
25,81
25,82
25,83
24,83
23,83
23,84
23,85
24,85
25,85
26,85
27,85
27,86
27,87
26,87
25,87
24,87
23,87
22,87
21,87
21,86
21,85
20,85
19,85
19,86
19,87
18,87
17,87
17,86
17,85
17,84
17,83
16,83
15,83
15,84
15,85
15,86
15,87
14,87
13,87
12,87
11,87
11,86
11,85
12,85
13,85
13,84
13,83
13,82
13,81
12,81
11,81
11,82
11,83
10,83
9,83
9,84
9,85
9,86
9,87
8,87
7,87
7,86
7,85
7,84
7,83
7,82
7,81
7,80
7,79
7,78
7,77
7,76
7,75
7,74
7,73
6,73
5,73
5,74
5,75
5,76
5,77
5,78
5,79
5,80
5,81
4,81
3,81
3,80
3,79
3,78
3,77
3,76
3,75
3,74
3,73
2,73
1,73
1,74
1,75
1,76
1,77
1,78
1,79
1,80
1,81
1,82
1,83
1,84
1,85
2,85
3,85
3,84
3,83
4,83
5,83
5,84
5,85
5,86
5,87
4,87
3,87
2,87
1,87
1,88
1,89
1,90
1,91
1,92
1,93
2,93
3,93
3,92
3,91
3,90
3,89
4,89
5,89
5,90
5,91
6,91
7,91
7,90
7,89
8,89
9,89
10,89
11,89
12,89
13,89
14,89
15,89
16,89
17,89
17,90
17,91
16,91
15,91
15,92
15,93
14,93
13,93
13,92
13,91
12,91
11,91
11,92
11,93
10,93
9,93
8,93
7,93
6,93
5,93
5,94
5,95
6,95
7,95
8,95
9,95
9,96
9,97
8,97
7,97
6,97
5,97
4,97
3,97
3,96
3,95
2,95
1,95
1,96
1,97
1,98
1,99
1,100
1,101
1,102
1,103
2,103
3,103
3,102
3,101
3,100
3,99
4,99
5,99
5,100
5,101
6,101
7,101
7,100
7,99
8,99
9,99
9,100
9,101
9,102
9,103
8,103
7,103
7,104
7,105
6,105
5,105
4,105
3,105
2,105
1,105
1,106
1,107
2,107
3,107
3,108
3,109
4,109
5,109
5,108
5,107
6,107
7,107
7,108
7,109
8,109
9,109
9,108
9,107
9,106
9,105
10,105
11,105
12,105
13,105
13,104
13,103
12,103
11,103
11,102
11,101
12,101
13,101
14,101
15,101
15,100
15,99
14,99
13,99
12,99
11,99
11,98
11,97
11,96
11,95
12,95
13,95
13,96
13,97
14,97
15,97
15,96
15,95
16,95
17,95
17,94
17,93
18,93
19,93
19,94
19,95
19,96
19,97
18,97
17,97
17,98
17,99
17,100
17,101
18,101
19,101
19,100
19,99
20,99
21,99
21,98
21,97
22,97
23,97
23,96
23,95
22,95
21,95
21,94
21,93
22,93
23,93
23,92
23,91
22,91
21,91
20,91
19,91
19,90
19,89
20,89
21,89
22,89
23,89
24,89
25,89
25,90
25,91
25,92
25,93
26,93
27,93
27,94
27,95
26,95
25,95
25,96
25,97
26,97
27,97
28,97
29,97
29,96
29,95
29,94
29,93
29,92
29,91
28,91
27,91
27,90
27,89
28,89
29,89
30,89
31,89
31,90
31,91
32,91
33,91
33,90
33,89
34,89
35,89
36,89
37,89
38,89
39,89
40,89
41,89
42,89
43,89
44,89
45,89
46,89
47,89
48,89
49,89
50,89
51,89
52,89
53,89
54,89
55,89
55,90
55,91
54,91
53,91
52,91
51,91
50,91
49,91
48,91
47,91
46,91
45,91
44,91
43,91
42,91
41,91
40,91
39,91
38,91
37,91
36,91
35,91
35,92
35,93
36,93
37,93
38,93
39,93
39,94
39,95
38,95
37,95
36,95
35,95
34,95
33,95
33,94
33,93
32,93
31,93
31,94
31,95
31,96
31,97
32,97
33,97
34,97
35,97
35,98
35,99
36,99
37,99
37,98
37,97
38,97
39,97
39,98
39,99
40,99
41,99
41,98
41,97
41,96
41,95
41,94
41,93
42,93
43,93
44,93
45,93
46,93
47,93
48,93
49,93
50,93
51,93
51,94
51,95
50,95
49,95
48,95
47,95
46,95
45,95
44,95
43,95
43,96
43,97
43,98
43,99
44,99
45,99
45,100
45,101
44,101
43,101
42,101
41,101
40,101
39,101
38,101
37,101
36,101
35,101
34,101
33,101
33,100
33,99
32,99
31,99
30,99
29,99
28,99
27,99
26,99
25,99
24,99
23,99
23,100
23,101
23,102
23,103
24,103
25,103
25,102
25,101
26,101
27,101
28,101
29,101
30,101
31,101
31,102
31,103
32,103
33,103
34,103
35,103
35,104
35,105
34,105
33,105
32,105
31,105
30,105
29,105
29,104
29,103
28,103
27,103
27,104
27,105
26,105
25,105
25,106
25,107
25,108
25,109
24,109
23,109
23,110
23,111
22,111
21,111
21,110
21,109
21,108
21,107
22,107
23,107
23,106
23,105
22,105
21,105
21,104
21,103
20,103
19,103
18,103
17,103
16,103
15,103
15,104
15,105
16,105
17,105
18,105
19,105
19,106
19,107
19,108
19,109
19,110
19,111
18,111
17,111
17,110
17,109
17,108
17,107
16,107
15,107
14,107
13,107
12,107
11,107
11,108
11,109
12,109
13,109
14,109
15,109
15,110
15,111
14,111
13,111
12,111
11,111
10,111
9,111
8,111
7,111
6,111
5,111
5,112
5,113
4,113
3,113
3,112
3,111
2,111
1,111
1,112
1,113
1,114
1,115
1,116
1,117
1,118
1,119
2,119
3,119
3,118
3,117
3,116
3,115
4,115
5,115
6,115
7,115
7,114
7,113
8,113
9,113
9,114
9,115
10,115
11,115
11,114
11,113
12,113
13,113
13,114
13,115
14,115
15,115
15,114
15,113
16,113
17,113
18,113
19,113
19,114
19,115
18,115
17,115
17,116
17,117
16,117
15,117
14,117
13,117
12,117
11,117
10,117
9,117
8,117
7,117
6,117
5,117
5,118
5,119
6,119
7,119
8,119
9,119
10,119
11,119
12,119
13,119
14,119
15,119
15,120
15,121
14,121
13,121
12,121
11,121
10,121
9,121
8,121
7,121
6,121
5,121
4,121
3,121
2,121
1,121
1,122
1,123
2,123
3,123
4,123
5,123
5,124
5,125
6,125
7,125
7,124
7,123
8,123
9,123
9,124
9,125
10,125
11,125
11,124
11,123
12,123
13,123
13,124
13,125
13,126
13,127
12,127
11,127
10,127
9,127
8,127
7,127
6,127
5,127
4,127
3,127
3,126
3,125
2,125
1,125
1,126
1,127
1,128
1,129
1,130
1,131
2,131
3,131
3,130
3,129
4,129
5,129
6,129
7,129
8,129
9,129
10,129
11,129
12,129
13,129
13,130
13,131
12,131
11,131
10,131
9,131
8,131
7,131
6,131
5,131
5,132
5,133
6,133
7,133
8,133
9,133
10,133
11,133
12,133
13,133
13,134
13,135
12,135
11,135
10,135
9,135
8,135
7,135
6,135
5,135
4,135
3,135
3,134
3,133
2,133
1,133
1,134
1,135
1,136
1,137
2,137
3,137
3,138
3,139
4,139
5,139
5,138
5,137
6,137
7,137
8,137
9,137
9,138
9,139
10,139
11,139
11,138
11,137
12,137
13,137
13,138
13,139
14,139
15,139
15,138
15,137
16,137
17,137
17,138
17,139
18,139
19,139
19,138
19,137
19,136
19,135
18,135
17,135
16,135
15,135
15,134
15,133
15,132
15,131
15,130
15,129
15,128
15,127
16,127
17,127
17,126
17,125
16,125
15,125
15,124
15,123
16,123
17,123
17,122
17,121
17,120
17,119
18,119
19,119
19,118
19,117
20,117
21,117
21,116
21,115
21,114
21,113
22,113
23,113
23,114
23,115
23,116
23,117
23,118
23,119
23,120
23,121
22,121
21,121
20,121
19,121
19,122
19,123
19,124
19,125
19,126
19,127
20,127
21,127
21,126
21,125
21,124
21,123
22,123
23,123
23,124
23,125
23,126
23,127
23,128
23,129
22,129
21,129
20,129
19,129
19,130
19,131
18,131
17,131
17,132
17,133
18,133
19,133
20,133
21,133
21,132
21,131
22,131
23,131
23,132
23,133
24,133
25,133
26,133
27,133
28,133
29,133
29,134
29,135
28,135
27,135
26,135
25,135
25,136
25,137
24,137
23,137
23,136
23,135
22,135
21,135
21,136
21,137
21,138
21,139
22,139
23,139
24,139
25,139
26,139
27,139
27,138
27,137
28,137
29,137
29,138
29,139
30,139
31,139
32,139
33,139
34,139
35,139
36,139
37,139
38,139
39,139
39,138
39,137
39,136
39,135
38,135
37,135
37,136
37,137
36,137
35,137
34,137
33,137
32,137
31,137
31,136
31,135
31,134
31,133
32,133
33,133
33,134
33,135
34,135
35,135
35,134
35,133
36,133
37,133
37,132
37,131
36,131
35,131
34,131
33,131
33,130
33,129
32,129
31,129
31,130
31,131
30,131
29,131
29,130
29,129
28,129
27,129
27,130
27,131
26,131
25,131
25,130
25,129
25,128
25,127
26,127
27,127
27,126
27,125
26,125
25,125
25,124
25,123
26,123
27,123
28,123
29,123
29,124
29,125
29,126
29,127
30,127
31,127
32,127
33,127
33,126
33,125
32,125
31,125
31,124
31,123
32,123
33,123
33,122
33,121
32,121
31,121
30,121
29,121
28,121
27,121
26,121
25,121
25,120
25,119
26,119
27,119
27,118
27,117
26,117
25,117
25,116
25,115
26,115
27,115
28,115
29,115
29,116
29,117
29,118
29,119
30,119
31,119
31,118
31,117
32,117
33,117
33,116
33,115
32,115
31,115
31,114
31,113
30,113
29,113
28,113
27,113
26,113
25,113
25,112
25,111
26,111
27,111
27,110
27,109
27,108
27,107
28,107
29,107
29,108
29,109
29,110
29,111
30,111
31,111
31,110
31,109
31,108
31,107
32,107
33,107
34,107
35,107
35,108
35,109
35,110
35,111
34,111
33,111
33,112
33,113
34,113
35,113
35,114
35,115
35,116
35,117
35,118
35,119
35,120
35,121
36,121
37,121
37,120
37,119
37,118
37,117
38,117
39,117
39,116
39,115
38,115
37,115
37,114
37,113
38,113
39,113
39,112
39,111
38,111
37,111
37,110
37,109
38,109
39,109
39,108
39,107
38,107
37,107
37,106
37,105
37,104
37,103
38,103
39,103
39,104
39,105
40,105
41,105
41,106
41,107
42,107
43,107
43,106
43,105
43,104
43,103
44,103
45,103
45,104
45,105
45,106
45,107
45,108
45,109
44,109
43,109
42,109
41,109
41,110
41,111
41,112
41,113
41,114
41,115
42,115
43,115
43,114
43,113
43,112
43,111
44,111
45,111
45,112
45,113
45,114
45,115
45,116
45,117
45,118
45,119
44,119
43,119
43,118
43,117
42,117
41,117
41,118
41,119
40,119
39,119
39,120
39,121
39,122
39,123
38,123
37,123
36,123
35,123
35,124
35,125
36,125
37,125
38,125
39,125
39,126
39,127
38,127
37,127
36,127
35,127
35,128
35,129
36,129
37,129
38,129
39,129
39,130
39,131
39,132
39,133
40,133
41,133
41,132
41,131
41,130
41,129
41,128
41,127
41,126
41,125
41,124
41,123
41,122
41,121
42,121
43,121
44,121
45,121
45,122
45,123
44,123
43,123
43,124
43,125
43,126
43,127
43,128
43,129
43,130
43,131
43,132
43,133
43,134
43,135
44,135
45,135
45,134
45,133
45,132
45,131
45,130
45,129
45,128
45,127
45,126
45,125
46,125
47,125
47,124
47,123
47,122
47,121
48,121
49,121
49,120
49,119
48,119
47,119
47,118
47,117
47,116
47,115
47,114
47,113
47,112
47,111
47,110
47,109
47,108
47,107
47,106
47,105
47,104
47,103
47,102
47,101
47,100
47,99
47,98
47,97
48,97
49,97
49,98
49,99
49,100
49,101
49,102
49,103
49,104
49,105
49,106
49,107
49,108
49,109
49,110
49,111
49,112
49,113
49,114
49,115
49,116
49,117
50,117
51,117
51,116
51,115
51,114
51,113
51,112
51,111
52,111
53,111
53,112
53,113
54,113
55,113
55,112
55,111
55,110
55,109
54,109
53,109
52,109
51,109
51,108
51,107
51,106
51,105
51,104
51,103
51,102
51,101
52,101
53,101
53,100
53,99
52,99
51,99
51,98
51,97
52,97
53,97
53,96
53,95
54,95
55,95
55,94
55,93
56,93
57,93
57,92
57,91
57,90
57,89
57,88
57,87
58,87
59,87
59,88
59,89
59,90
59,91
59,92
59,93
60,93
61,93
61,94
61,95
60,95
59,95
58,95
57,95
57,96
57,97
56,97
55,97
55,98
55,99
55,100
55,101
55,102
55,103
54,103
53,103
53,104
53,105
53,106
53,107
54,107
55,107
55,106
55,105
56,105
57,105
57,104
57,103
57,102
57,101
58,101
59,101
59,100
59,99
59,98
59,97
60,97
61,97
61,98
61,99
61,100
61,101
61,102
61,103
60,103
59,103
59,104
59,105
59,106
59,107
58,107
57,107
57,108
57,109
58,109
59,109
60,109
61,109
62,109
63,109
63,108
63,107
62,107
61,107
61,106
61,105
62,105
63,105
63,104
63,103
63,102
63,101
63,100
63,99
63,98
63,97
64,97
65,97
65,98
65,99
65,100
65,101
65,102
65,103
65,104
65,105
66,105
67,105
67,104
67,103
67,102
67,101
68,101
69,101
69,100
69,99
69,98
69,97
68,97
67,97
67,96
67,95
66,95
65,95
65,94
65,93
64,93
63,93
63,92
63,91
64,91
65,91
65,90
65,89
65,88
65,87
64,87
63,87
63,88
63,89
62,89
61,89
61,88
61,87
61,86
61,85
62,85
63,85
64,85
65,85
66,85
67,85
68,85
69,85
70,85
71,85
71,86
71,87
70,87
69,87
68,87
67,87
67,88
67,89
68,89
69,89
69,90
69,91
68,91
67,91
67,92
67,93
68,93
69,93
69,94
69,95
70,95
71,95
71,96
71,97
71,98
71,99
71,100
71,101
71,102
71,103
70,103
69,103
69,104
69,105
69,106
69,107
68,107
67,107
66,107
65,107
65,108
65,109
65,110
65,111
64,111
63,111
62,111
61,111
61,112
61,113
60,113
59,113
59,112
59,111
58,111
57,111
57,112
57,113
57,114
57,115
56,115
55,115
54,115
53,115
53,116
53,117
53,118
53,119
52,119
51,119
51,120
51,121
52,121
53,121
53,122
53,123
53,124
53,125
52,125
51,125
51,124
51,123
50,123
49,123
49,124
49,125
49,126
49,127
50,127
51,127
51,128
51,129
50,129
49,129
48,129
47,129
47,130
47,131
48,131
49,131
49,132
49,133
48,133
47,133
47,134
47,135
48,135
49,135
50,135
51,135
51,134
51,133
51,132
51,131
52,131
53,131
53,132
53,133
53,134
53,135
53,136
53,137
52,137
51,137
50,137
49,137
48,137
47,137
46,137
45,137
44,137
43,137
42,137
41,137
41,138
41,139
42,139
43,139
44,139
45,139
46,139
47,139
48,139
49,139
50,139
51,139
52,139
53,139
54,139
55,139
55,138
55,137
56,137
57,137
57,136
57,135
56,135
55,135
55,134
55,133
55,132
55,131
56,131
57,131
57,130
57,129
56,129
55,129
54,129
53,129
53,128
53,127
54,127
55,127
55,126
55,125
56,125
57,125
57,126
57,127
58,127
59,127
59,126
59,125
59,124
59,123
58,123
57,123
56,123
55,123
55,122
55,121
55,120
55,119
55,118
55,117
56,117
57,117
57,118
57,119
57,120
57,121
58,121
59,121
59,120
59,119
59,118
59,117
59,116
59,115
60,115
61,115
61,116
61,117
61,118
61,119
61,120
61,121
61,122
61,123
61,124
61,125
61,126
61,127
61,128
61,129
60,129
59,129
59,130
59,131
60,131
61,131
61,132
61,133
60,133
59,133
59,134
59,135
60,135
61,135
61,136
61,137
60,137
59,137
59,138
59,139
60,139
61,139
62,139
63,139
64,139
65,139
65,138
65,137
64,137
63,137
63,136
63,135
63,134
63,133
63,132
63,131
63,130
63,129
63,128
63,127
63,126
63,125
63,124
63,123
64,123
65,123
65,124
65,125
65,126
65,127
65,128
65,129
65,130
65,131
65,132
65,133
65,134
65,135
66,135
67,135
67,134
67,133
68,133
69,133
69,132
69,131
68,131
67,131
67,130
67,129
68,129
69,129
69,128
69,127
68,127
67,127
67,126
67,125
68,125
69,125
69,124
69,123
68,123
67,123
67,122
67,121
66,121
65,121
64,121
63,121
63,120
63,119
63,118
63,117
63,116
63,115
63,114
63,113
64,113
65,113
65,114
65,115
65,116
65,117
65,118
65,119
66,119
67,119
67,118
67,117
67,116
67,115
67,114
67,113
67,112
67,111
67,110
67,109
68,109
69,109
69,110
69,111
69,112
69,113
69,114
69,115
69,116
69,117
70,117
71,117
71,116
71,115
71,114
71,113
72,113
73,113
73,112
73,111
72,111
71,111
71,110
71,109
72,109
73,109
73,108
73,107
72,107
71,107
71,106
71,105
72,105
73,105
73,104
73,103
73,102
73,101
74,101
75,101
75,100
75,99
75,98
75,97
74,97
73,97
73,96
73,95
74,95
75,95
76,95
77,95
77,96
77,97
77,98
77,99
77,100
77,101
77,102
77,103
76,103
75,103
75,104
75,105
76,105
77,105
77,106
77,107
77,108
77,109
76,109
75,109
75,110
75,111
76,111
77,111
77,112
77,113
76,113
75,113
75,114
75,115
76,115
77,115
77,116
77,117
76,117
75,117
74,117
73,117
73,118
73,119
72,119
71,119
70,119
69,119
69,120
69,121
70,121
71,121
72,121
73,121
73,122
73,123
72,123
71,123
71,124
71,125
72,125
73,125
73,126
73,127
73,128
73,129
72,129
71,129
71,130
71,131
71,132
71,133
71,134
71,135
72,135
73,135
73,136
73,137
72,137
71,137
70,137
69,137
68,137
67,137
67,138
67,139
68,139
69,139
70,139
71,139
72,139
73,139
74,139
75,139
75,138
75,137
75,136
75,135
76,135
77,135
77,136
77,137
77,138
77,139
78,139
79,139
80,139
81,139
81,138
81,137
80,137
79,137
79,136
79,135
79,134
79,133
79,132
79,131
78,131
77,131
77,132
77,133
76,133
75,133
74,133
73,133
73,132
73,131
74,131
75,131
75,130
75,129
76,129
77,129
77,128
77,127
76,127
75,127
75,126
75,125
75,124
75,123
76,123
77,123
77,124
77,125
78,125
79,125
79,124
79,123
80,123
81,123
81,124
81,125
82,125
83,125
83,124
83,123
83,122
83,121
82,121
81,121
80,121
79,121
78,121
77,121
76,121
75,121
75,120
75,119
76,119
77,119
78,119
79,119
80,119
81,119
82,119
83,119
83,118
83,117
82,117
81,117
80,117
79,117
79,116
79,115
80,115
81,115
82,115
83,115
83,114
83,113
82,113
81,113
80,113
79,113
79,112
79,111
79,110
79,109
80,109
81,109
81,110
81,111
82,111
83,111
83,110
83,109
83,108
83,107
82,107
81,107
80,107
79,107
79,106
79,105
79,104
79,103
79,102
79,101
80,101
81,101
81,102
81,103
81,104
81,105
82,105
83,105
83,104
83,103
84,103
85,103
85,104
85,105
85,106
85,107
85,108
85,109
85,110
85,111
85,112
85,113
86,113
87,113
87,112
87,111
87,110
87,109
88,109
89,109
89,108
89,107
88,107
87,107
87,106
87,105
87,104
87,103
87,102
87,101
86,101
85,101
84,101
83,101
83,100
83,99
82,99
81,99
80,99
79,99
79,98
79,97
80,97
81,97
82,97
83,97
83,96
83,95
82,95
81,95
80,95
79,95
79,94
79,93
78,93
77,93
76,93
75,93
74,93
73,93
72,93
71,93
71,92
71,91
72,91
73,91
74,91
75,91
76,91
77,91
78,91
79,91
79,90
79,89
78,89
77,89
76,89
75,89
74,89
73,89
73,88
73,87
74,87
75,87
76,87
77,87
78,87
79,87
79,86
79,85
79,84
79,83
78,83
77,83
77,84
77,85
76,85
75,85
74,85
73,85
73,84
73,83
74,83
75,83
75,82
75,81
76,81
77,81
78,81
79,81
80,81
81,81
81,82
81,83
81,84
81,85
82,85
83,85
84,85
85,85
86,85
87,85
87,86
87,87
86,87
85,87
84,87
83,87
82,87
81,87
81,88
81,89
81,90
81,91
81,92
81,93
82,93
83,93
83,92
83,91
83,90
83,89
84,89
85,89
85,90
85,91
86,91
87,91
87,92
87,93
86,93
85,93
85,94
85,95
85,96
85,97
85,98
85,99
86,99
87,99
87,98
87,97
87,96
87,95
88,95
89,95
89,96
89,97
90,97
91,97
91,96
91,95
91,94
91,93
92,93
93,93
93,94
93,95
93,96
93,97
93,98
93,99
92,99
91,99
90,99
89,99
89,100
89,101
90,101
91,101
92,101
93,101
93,102
93,103
92,103
91,103
90,103
89,103
89,104
89,105
90,105
91,105
91,106
91,107
91,108
91,109
92,109
93,109
93,110
93,111
92,111
91,111
90,111
89,111
89,112
89,113
90,113
91,113
92,113
93,113
93,114
93,115
93,116
93,117
92,117
91,117
91,116
91,115
90,115
89,115
88,115
87,115
86,115
85,115
85,116
85,117
85,118
85,119
85,120
85,121
86,121
87,121
87,120
87,119
87,118
87,117
88,117
89,117
89,118
89,119
90,119
91,119
92,119
93,119
93,120
93,121
92,121
91,121
90,121
89,121
89,122
89,123
88,123
87,123
86,123
85,123
85,124
85,125
86,125
87,125
87,126
87,127
86,127
85,127
84,127
83,127
82,127
81,127
80,127
79,127
79,128
79,129
80,129
81,129
82,129
83,129
84,129
85,129
86,129
87,129
87,130
87,131
86,131
85,131
84,131
83,131
82,131
81,131
81,132
81,133
82,133
83,133
83,134
83,135
83,136
83,137
83,138
83,139
84,139
85,139
85,138
85,137
85,136
85,135
85,134
85,133
86,133
87,133
87,134
87,135
88,135
89,135
89,136
89,137
88,137
87,137
87,138
87,139
88,139
89,139
90,139
91,139
91,138
91,137
91,136
91,135
92,135
93,135
93,134
93,133
92,133
91,133
90,133
89,133
89,132
89,131
89,130
89,129
89,128
89,127
89,126
89,125
90,125
91,125
91,124
91,123
92,123
93,123
93,124
93,125
93,126
93,127
92,127
91,127
91,128
91,129
91,130
91,131
92,131
93,131
93,130
93,129
94,129
95,129
95,130
95,131
96,131
97,131
97,132
97,133
97,134
97,135
96,135
95,135
95,136
95,137
94,137
93,137
93,138
93,139
94,139
95,139
96,139
97,139
97,138
97,137
98,137
99,137
99,136
99,135
100,135
101,135
101,136
101,137
101,138
101,139
102,139
103,139
103,138
103,137
103,136
103,135
104,135
105,135
105,136
105,137
105,138
105,139
106,139
107,139
108,139
109,139
109,138
109,137
108,137
107,137
107,136
107,135
108,135
109,135
110,135
111,135
111,136
111,137
111,138
111,139
112,139
113,139
113,138
113,137
114,137
115,137
115,136
115,135
114,135
113,135
113,134
113,133
114,133
115,133
115,132
115,131
115,130
115,129
115,128
115,127
114,127
113,127
113,128
113,129
113,130
113,131
112,131
111,131
111,132
111,133
110,133
109,133
109,132
109,131
108,131
107,131
107,132
107,133
106,133
105,133
104,133
103,133
102,133
101,133
100,133
99,133
99,132
99,131
100,131
101,131
102,131
103,131
103,130
103,129
102,129
101,129
101,128
101,127
100,127
99,127
99,128
99,129
98,129
97,129
97,128
97,127
96,127
95,127
95,126
95,125
96,125
97,125
98,125
99,125
99,124
99,123
98,123
97,123
96,123
95,123
95,122
95,121
96,121
97,121
98,121
99,121
99,120
99,119
98,119
97,119
96,119
95,119
95,118
95,117
96,117
97,117
98,117
99,117
99,116
99,115
98,115
97,115
96,115
95,115
95,114
95,113
96,113
97,113
98,113
99,113
100,113
101,113
101,114
101,115
101,116
101,117
101,118
101,119
102,119
103,119
103,120
103,121
103,122
103,123
102,123
101,123
101,124
101,125
102,125
103,125
103,126
103,127
104,127
105,127
105,128
105,129
106,129
107,129
107,128
107,127
108,127
109,127
109,128
109,129
110,129
111,129
111,128
111,127
111,126
111,125
112,125
113,125
113,124
113,123
112,123
111,123
110,123
109,123
109,124
109,125
108,125
107,125
106,125
105,125
105,124
105,123
105,122
105,121
106,121
107,121
107,120
107,119
106,119
105,119
105,118
105,117
104,117
103,117
103,116
103,115
104,115
105,115
105,114
105,113
104,113
103,113
103,112
103,111
102,111
101,111
100,111
99,111
98,111
97,111
96,111
95,111
95,110
95,109
96,109
97,109
97,108
97,107
96,107
95,107
94,107
93,107
93,106
93,105
94,105
95,105
95,104
95,103
95,102
95,101
95,100
95,99
95,98
95,97
96,97
97,97
97,98
97,99
97,100
97,101
98,101
99,101
99,102
99,103
98,103
97,103
97,104
97,105
98,105
99,105
99,106
99,107
99,108
99,109
100,109
101,109
102,109
103,109
103,108
103,107
102,107
101,107
101,106
101,105
102,105
103,105
104,105
105,105
105,106
105,107
106,107
107,107
107,108
107,109
106,109
105,109
105,110
105,111
106,111
107,111
107,112
107,113
107,114
107,115
108,115
109,115
109,116
109,117
109,118
109,119
109,120
109,121
110,121
111,121
111,120
111,119
111,118
111,117
111,116
111,115
111,114
111,113
110,113
109,113
109,112
109,111
109,110
109,109
109,108
109,107
110,107
111,107
111,106
111,105
110,105
109,105
108,105
107,105
107,104
107,103
106,103
105,103
104,103
103,103
102,103
101,103
101,102
101,101
102,101
103,101
104,101
105,101
105,100
105,99
104,99
103,99
102,99
101,99
100,99
99,99
99,98
99,97
100,97
101,97
102,97
103,97
104,97
105,97
106,97
107,97
107,98
107,99
108,99
109,99
109,100
109,101
109,102
109,103
110,103
111,103
111,102
111,101
111,100
111,99
112,99
113,99
113,100
113,101
113,102
113,103
113,104
113,105
113,106
113,107
113,108
113,109
112,109
111,109
111,110
111,111
112,111
113,111
113,112
113,113
113,114
113,115
113,116
113,117
113,118
113,119
114,119
115,119
115,118
115,117
115,116
115,115
115,114
115,113
115,112
115,111
116,111
117,111
117,112
117,113
117,114
117,115
117,116
117,117
117,118
117,119
117,120
117,121
116,121
115,121
115,122
115,123
116,123
117,123
117,124
117,125
117,126
117,127
118,127
119,127
119,126
119,125
119,124
119,123
120,123
121,123
121,122
121,121
120,121
119,121
119,120
119,119
119,118
119,117
119,116
119,115
119,114
119,113
119,112
119,111
120,111
121,111
121,112
121,113
121,114
121,115
121,116
121,117
121,118
121,119
122,119
123,119
123,120
123,121
123,122
123,123
123,124
123,125
122,125
121,125
121,126
121,127
122,127
123,127
123,128
123,129
123,130
123,131
122,131
121,131
121,132
121,133
120,133
119,133
119,132
119,131
119,130
119,129
118,129
117,129
117,130
117,131
117,132
117,133
117,134
117,135
117,136
117,137
117,138
117,139
118,139
119,139
120,139
121,139
122,139
123,139
123,138
123,137
122,137
121,137
120,137
119,137
119,136
119,135
120,135
121,135
122,135
123,135
123,134
123,133
124,133
125,133
125,134
125,135
125,136
125,137
125,138
125,139
126,139
127,139
128,139
129,139
130,139
131,139
132,139
133,139
134,139
135,139
135,138
135,137
134,137
133,137
132,137
131,137
130,137
129,137
128,137
127,137
127,136
127,135
128,135
129,135
129,134
129,133
128,133
127,133
127,132
127,131
126,131
125,131
125,130
125,129
126,129
127,129
128,129
129,129
130,129
131,129
131,130
131,131
131,132
131,133
131,134
131,135
132,135
133,135
133,134
133,133
133,132
133,131
133,130
133,129
133,128
133,127
132,127
131,127
130,127
129,127
128,127
127,127
126,127
125,127
125,126
125,125
125,124
125,123
126,123
127,123
127,124
127,125
128,125
129,125
129,124
129,123
129,122
129,121
128,121
127,121
126,121
125,121
125,120
125,119
125,118
125,117
124,117
123,117
123,116
123,115
123,114
123,113
124,113
125,113
125,114
125,115
126,115
127,115
127,116
127,117
127,118
127,119
128,119
129,119
129,118
129,117
130,117
131,117
131,118
131,119
131,120
131,121
131,122
131,123
131,124
131,125
132,125
133,125
133,124
133,123
133,122
133,121
134,121
135,121
136,121
137,121
137,122
137,123
136,123
135,123
135,124
135,125
136,125
137,125
137,126
137,127
136,127
135,127
135,128
135,129
136,129
137,129
137,130
137,131
136,131
135,131
135,132
135,133
136,133
137,133
137,134
137,135
137,136
137,137
137,138
137,139
138,139
139,139
139,138
139,137
139,136
139,135
139,134
139,133
139,132
139,131
139,130
139,129
139,128
139,127
139,126
139,125
139,124
139,123
139,122
139,121
139,120
139,119
138,119
137,119
136,119
135,119
134,119
133,119
133,118
133,117
134,117
135,117
136,117
137,117
138,117
139,117
139,116
139,115
138,115
137,115
136,115
135,115
135,114
135,113
136,113
137,113
138,113
139,113
139,112
139,111
138,111
137,111
137,110
137,109
138,109
139,109
139,108
139,107
138,107
137,107
137,106
137,105
138,105
139,105
139,104
139,103
138,103
137,103
137,102
137,101
138,101
139,101
139,100
139,99
138,99
137,99
136,99
135,99
135,100
135,101
134,101
133,101
133,102
133,103
134,103
135,103
135,104
135,105
135,106
135,107
135,108
135,109
135,110
135,111
134,111
133,111
132,111
131,111
131,112
131,113
132,113
133,113
133,114
133,115
132,115
131,115
130,115
129,115
129,114
129,113
128,113
127,113
127,112
127,111
126,111
125,111
124,111
123,111
123,110
123,109
122,109
121,109
121,108
121,107
120,107
119,107
119,108
119,109
118,109
117,109
116,109
115,109
115,108
115,107
116,107
117,107
117,106
117,105
116,105
115,105
115,104
115,103
116,103
117,103
118,103
119,103
120,103
121,103
121,104
121,105
122,105
123,105
123,106
123,107
124,107
125,107
125,108
125,109
126,109
127,109
128,109
129,109
130,109
131,109
132,109
133,109
133,108
133,107
132,107
131,107
131,106
131,105
131,104
131,103
131,102
131,101
130,101
129,101
129,102
129,103
129,104
129,105
129,106
129,107
128,107
127,107
127,106
127,105
126,105
125,105
125,104
125,103
124,103
123,103
123,102
123,101
122,101
121,101
120,101
119,101
118,101
117,101
116,101
115,101
115,100
115,99
116,99
117,99
118,99
119,99
119,98
119,97
120,97
121,97
121,98
121,99
122,99
123,99
124,99
125,99
125,100
125,101
126,101
127,101
127,100
127,99
128,99
129,99
129,98
129,97
128,97
127,97
127,96
127,95
126,95
125,95
125,96
125,97
124,97
123,97
123,96
123,95
122,95
121,95
120,95
119,95
119,94
119,93
120,93
121,93
122,93
123,93
124,93
125,93
125,92
125,91
124,91
123,91
122,91
121,91
121,90
121,89
120,89
119,89
119,90
119,91
118,91
117,91
117,92
117,93
117,94
117,95
117,96
117,97
116,97
115,97
115,96
115,95
114,95
113,95
113,96
113,97
112,97
111,97
110,97
109,97
109,96
109,95
109,94
109,93
110,93
111,93
112,93
113,93
114,93
115,93
115,92
115,91
114,91
113,91
113,90
113,89
112,89
111,89
111,90
111,91
110,91
109,91
109,90
109,89
108,89
107,89
107,90
107,91
107,92
107,93
107,94
107,95
106,95
105,95
105,94
105,93
104,93
103,93
103,94
103,95
102,95
101,95
101,94
101,93
101,92
101,91
102,91
103,91
104,91
105,91
105,90
105,89
104,89
103,89
102,89
101,89
100,89
99,89
99,90
99,91
99,92
99,93
99,94
99,95
98,95
97,95
96,95
95,95
95,94
95,93
96,93
97,93
97,92
97,91
96,91
95,91
94,91
93,91
92,91
91,91
90,91
89,91
89,90
89,89
90,89
91,89
92,89
93,89
94,89
95,89
96,89
97,89
97,88
97,87
98,87
99,87
100,87
101,87
102,87
103,87
104,87
105,87
106,87
107,87
108,87
109,87
110,87
111,87
112,87
113,87
114,87
115,87
115,86
115,85
114,85
113,85
112,85
111,85
110,85
109,85
108,85
107,85
106,85
105,85
104,85
103,85
102,85
101,85
101,84
101,83
100,83
99,83
99,82
99,81
98,81
97,81
96,81
95,81
95,82
95,83
96,83
97,83
97,84
97,85
96,85
95,85
95,86
95,87
94,87
93,87
93,86
93,85
93,84
93,83
93,82
93,81
92,81
91,81
91,82
91,83
91,84
91,85
91,86
91,87
90,87
89,87
89,86
89,85
89,84
89,83
88,83
87,83
86,83
85,83
84,83
83,83
83,82
83,81
84,81
85,81
85,80
85,79
86,79
87,79
87,80
87,81
88,81
89,81
89,80
89,79
90,79
91,79
92,79
93,79
93,78
93,77
94,77
95,77
95,78
95,79
96,79
97,79
97,78
97,77
98,77
99,77
99,78
99,79
100,79
101,79
101,80
101,81
102,81
103,81
103,82
103,83
104,83
105,83
105,82
105,81
106,81
107,81
107,82
107,83
108,83
109,83
109,82
109,81
110,81
111,81
111,82
111,83
112,83
113,83
113,82
113,81
113,80
113,79
112,79
111,79
110,79
109,79
108,79
107,79
106,79
105,79
104,79
103,79
103,78
103,77
104,77
105,77
105,76
105,75
106,75
107,75
107,76
107,77
108,77
109,77
109,76
109,75
110,75
111,75
112,75
113,75
113,76
113,77
114,77
115,77
115,78
115,79
115,80
115,81
116,81
117,81
117,82
117,83
117,84
117,85
117,86
117,87
118,87
119,87
119,86
119,85
119,84
119,83
119,82
119,81
120,81
121,81
122,81
123,81
123,82
123,83
122,83
121,83
121,84
121,85
121,86
121,87
122,87
123,87
123,86
123,85
124,85
125,85
125,86
125,87
125,88
125,89
126,89
127,89
127,88
127,87
127,86
127,85
128,85
129,85
129,86
129,87
129,88
129,89
129,90
129,91
128,91
127,91
127,92
127,93
128,93
129,93
129,94
129,95
130,95
131,95
131,96
131,97
131,98
131,99
132,99
133,99
133,98
133,97
133,96
133,95
133,94
133,93
132,93
131,93
131,92
131,91
132,91
133,91
134,91
135,91
135,92
135,93
135,94
135,95
136,95
137,95
137,96
137,97
138,97
139,97
139,96
139,95
139,94
139,93
138,93
137,93
137,92
137,91
138,91
139,91
139,90
139,89
138,89
137,89
137,88
137,87
138,87
139,87
139,86
139,85
138,85
137,85
136,85
135,85
135,86
135,87
135,88
135,89
134,89
133,89
132,89
131,89
131,88
131,87
132,87
133,87
133,86
133,85
132,85
131,85
131,84
131,83
130,83
129,83
128,83
127,83
126,83
125,83
125,82
125,81
126,81
127,81
127,80
127,79
128,79
129,79
129,80
129,81
130,81
131,81
132,81
133,81
134,81
135,81
135,82
135,83
136,83
137,83
137,82
137,81
138,81
139,81
139,80
139,79
138,79
137,79
136,79
135,79
134,79
133,79
132,79
131,79
131,78
131,77
130,77
129,77
128,77
127,77
126,77
125,77
125,78
125,79
124,79
123,79
122,79
121,79
120,79
119,79
118,79
117,79
117,78
117,77
118,77
119,77
120,77
121,77
121,76
121,75
122,75
123,75
124,75
125,75
126,75
127,75
127,74
127,73
126,73
125,73
124,73
123,73
122,73
121,73
120,73
119,73
119,74
119,75
118,75
117,75
116,75
115,75
115,74
115,73
114,73
113,73
113,72
113,71
112,71
111,71
111,72
111,73
110,73
109,73
109,72
109,71
108,71
107,71
107,72
107,73
106,73
105,73
105,72
105,71
104,71
103,71
103,72
103,73
103,74
103,75
102,75
101,75
101,74
101,73
100,73
99,73
98,73
97,73
97,74
97,75
96,75
95,75
95,74
95,73
94,73
93,73
93,72
93,71
92,71
91,71
91,72
91,73
91,74
91,75
91,76
91,77
90,77
89,77
88,77
87,77
87,76
87,75
88,75
89,75
89,74
89,73
89,72
89,71
88,71
87,71
87,72
87,73
86,73
85,73
85,74
85,75
85,76
85,77
84,77
83,77
83,78
83,79
82,79
81,79
80,79
79,79
78,79
77,79
76,79
75,79
75,78
75,77
76,77
77,77
78,77
79,77
80,77
81,77
81,76
81,75
82,75
83,75
83,74
83,73
82,73
81,73
80,73
79,73
79,74
79,75
78,75
77,75
77,74
77,73
76,73
75,73
75,74
75,75
74,75
73,75
73,76
73,77
73,78
73,79
73,80
73,81
72,81
71,81
71,80
71,79
71,78
71,77
71,76
71,75
70,75
69,75
69,76
69,77
69,78
69,79
69,80
69,81
69,82
69,83
68,83
67,83
66,83
65,83
65,82
65,81
66,81
67,81
67,80
67,79
67,78
67,77
66,77
65,77
64,77
63,77
62,77
61,77
60,77
59,77
59,76
59,75
60,75
61,75
62,75
63,75
64,75
65,75
66,75
67,75
67,74
67,73
68,73
69,73
69,72
69,71
70,71
71,71
71,72
71,73
72,73
73,73
73,72
73,71
74,71
75,71
75,70
75,69
76,69
77,69
77,70
77,71
78,71
79,71
80,71
81,71
82,71
83,71
84,71
85,71
85,70
85,69
84,69
83,69
82,69
81,69
80,69
79,69
79,68
79,67
80,67
81,67
82,67
83,67
83,66
83,65
82,65
81,65
81,64
81,63
82,63
83,63
84,63
85,63
86,63
87,63
87,64
87,65
86,65
85,65
85,66
85,67
86,67
87,67
87,68
87,69
88,69
89,69
90,69
91,69
92,69
93,69
93,68
93,67
92,67
91,67
90,67
89,67
89,66
89,65
90,65
91,65
91,64
91,63
92,63
93,63
93,64
93,65
94,65
95,65
95,66
95,67
95,68
95,69
95,70
95,71
96,71
97,71
97,70
97,69
97,68
97,67
97,66
97,65
98,65
99,65
99,66
99,67
99,68
99,69
99,70
99,71
100,71
101,71
101,70
101,69
102,69
103,69
104,69
105,69
106,69
107,69
107,68
107,67
106,67
105,67
104,67
103,67
102,67
101,67
101,66
101,65
102,65
103,65
104,65
105,65
106,65
107,65
108,65
109,65
109,66
109,67
109,68
109,69
110,69
111,69
111,68
111,67
111,66
111,65
112,65
113,65
113,66
113,67
113,68
113,69
114,69
115,69
115,70
115,71
116,71
117,71
117,70
117,69
117,68
117,67
116,67
115,67
115,66
115,65
116,65
117,65
118,65
119,65
119,66
119,67
119,68
119,69
119,70
119,71
120,71
121,71
121,70
121,69
122,69
123,69
124,69
125,69
125,70
125,71
126,71
127,71
127,70
127,69
128,69
129,69
130,69
131,69
131,70
131,71
130,71
129,71
129,72
129,73
130,73
131,73
131,74
131,75
132,75
133,75
133,74
133,73
134,73
135,73
136,73
137,73
137,74
137,75
136,75
135,75
135,76
135,77
136,77
137,77
138,77
139,77
139,76
139,75
139,74
139,73
139,72
139,71
139,70
139,69
138,69
137,69
137,70
137,71
136,71
135,71
134,71
133,71
133,70
133,69
134,69
135,69
135,68
135,67
136,67
137,67
138,67
139,67
139,66
139,65
138,65
137,65
137,64
137,63
136,63
135,63
135,64
135,65
134,65
133,65
133,66
133,67
132,67
131,67
130,67
129,67
128,67
127,67
126,67
125,67
124,67
123,67
122,67
121,67
121,66
121,65
122,65
123,65
124,65
125,65
126,65
127,65
128,65
129,65
130,65
131,65
131,64
131,63
130,63
129,63
129,62
129,61
130,61
131,61
132,61
133,61
134,61
135,61
136,61
137,61
138,61
139,61
139,60
139,59
138,59
137,59
136,59
135,59
135,58
135,57
136,57
137,57
138,57
139,57
139,56
139,55
138,55
137,55
136,55
135,55
135,54
135,53
136,53
137,53
138,53
139,53
139,52
139,51
138,51
137,51
136,51
135,51
135,50
135,49
134,49
133,49
133,50
133,51
133,52
133,53
133,54
133,55
132,55
131,55
131,56
131,57
132,57
133,57
133,58
133,59
132,59
131,59
130,59
129,59
129,58
129,57
128,57
127,57
127,58
127,59
127,60
127,61
127,62
127,63
126,63
125,63
125,62
125,61
124,61
123,61
123,62
123,63
122,63
121,63
121,62
121,61
120,61
119,61
119,62
119,63
118,63
117,63
117,62
117,61
116,61
115,61
115,62
115,63
114,63
113,63
113,62
113,61
112,61
111,61
111,62
111,63
110,63
109,63
108,63
107,63
106,63
105,63
104,63
103,63
102,63
101,63
100,63
99,63
99,62
99,61
100,61
101,61
102,61
103,61
104,61
105,61
106,61
107,61
108,61
109,61
109,60
109,59
110,59
111,59
112,59
113,59
114,59
115,59
116,59
117,59
118,59
119,59
120,59
121,59
122,59
123,59
123,58
123,57
124,57
125,57
125,56
125,55
126,55
127,55
127,54
127,53
126,53
125,53
124,53
123,53
123,54
123,55
122,55
121,55
121,56
121,57
120,57
119,57
118,57
117,57
117,56
117,55
116,55
115,55
115,56
115,57
114,57
113,57
112,57
111,57
110,57
109,57
108,57
107,57
107,58
107,59
106,59
105,59
104,59
103,59
103,58
103,57
104,57
105,57
105,56
105,55
106,55
107,55
108,55
109,55
110,55
111,55
112,55
113,55
113,54
113,53
114,53
115,53
116,53
117,53
117,52
117,51
118,51
119,51
119,52
119,53
120,53
121,53
121,52
121,51
122,51
123,51
124,51
125,51
126,51
127,51
128,51
129,51
129,52
129,53
130,53
131,53
131,52
131,51
131,50
131,49
130,49
129,49
128,49
127,49
126,49
125,49
124,49
123,49
122,49
121,49
120,49
119,49
118,49
117,49
117,48
117,47
118,47
119,47
120,47
121,47
122,47
123,47
124,47
125,47
126,47
127,47
127,46
127,45
126,45
125,45
124,45
123,45
122,45
121,45
120,45
119,45
118,45
117,45
116,45
115,45
115,46
115,47
115,48
115,49
115,50
115,51
114,51
113,51
113,50
113,49
113,48
113,47
112,47
111,47
111,48
111,49
111,50
111,51
111,52
111,53
110,53
109,53
108,53
107,53
106,53
105,53
104,53
103,53
102,53
101,53
101,54
101,55
101,56
101,57
101,58
101,59
100,59
99,59
99,58
99,57
98,57
97,57
96,57
95,57
95,58
95,59
96,59
97,59
97,60
97,61
97,62
97,63
96,63
95,63
95,62
95,61
94,61
93,61
93,60
93,59
92,59
91,59
91,60
91,61
90,61
89,61
89,60
89,59
88,59
87,59
87,60
87,61
86,61
85,61
85,60
85,59
84,59
83,59
83,60
83,61
82,61
81,61
81,60
81,59
80,59
79,59
78,59
77,59
77,60
77,61
77,62
77,63
78,63
79,63
79,64
79,65
78,65
77,65
77,66
77,67
76,67
75,67
74,67
73,67
73,66
73,65
74,65
75,65
75,64
75,63
75,62
75,61
75,60
75,59
75,58
75,57
75,56
75,55
76,55
77,55
77,56
77,57
78,57
79,57
79,56
79,55
80,55
81,55
81,56
81,57
82,57
83,57
83,56
83,55
83,54
83,53
84,53
85,53
85,54
85,55
85,56
85,57
86,57
87,57
88,57
89,57
90,57
91,57
92,57
93,57
93,56
93,55
94,55
95,55
96,55
97,55
98,55
99,55
99,54
99,53
98,53
97,53
96,53
95,53
94,53
93,53
92,53
91,53
91,54
91,55
90,55
89,55
88,55
87,55
87,54
87,53
88,53
89,53
89,52
89,51
90,51
91,51
92,51
93,51
94,51
95,51
95,50
95,49
96,49
97,49
97,50
97,51
98,51
99,51
99,50
99,49
100,49
101,49
101,50
101,51
102,51
103,51
104,51
105,51
106,51
107,51
108,51
109,51
109,50
109,49
108,49
107,49
106,49
105,49
104,49
103,49
103,48
103,47
104,47
105,47
105,46
105,45
106,45
107,45
107,46
107,47
108,47
109,47
109,46
109,45
110,45
111,45
112,45
113,45
113,44
113,43
114,43
115,43
116,43
117,43
118,43
119,43
120,43
121,43
122,43
123,43
124,43
125,43
125,42
125,41
124,41
123,41
122,41
121,41
120,41
119,41
118,41
117,41
116,41
115,41
114,41
113,41
112,41
111,41
111,42
111,43
110,43
109,43
109,42
109,41
108,41
107,41
107,42
107,43
106,43
105,43
105,42
105,41
104,41
103,41
103,42
103,43
103,44
103,45
102,45
101,45
101,44
101,43
101,42
101,41
100,41
99,41
99,42
99,43
99,44
99,45
99,46
99,47
98,47
97,47
96,47
95,47
94,47
93,47
93,48
93,49
92,49
91,49
90,49
89,49
89,48
89,47
90,47
91,47
91,46
91,45
92,45
93,45
94,45
95,45
96,45
97,45
97,44
97,43
97,42
97,41
97,40
97,39
98,39
99,39
100,39
101,39
102,39
103,39
104,39
105,39
106,39
107,39
108,39
109,39
109,38
109,37
108,37
107,37
106,37
105,37
105,36
105,35
106,35
107,35
108,35
109,35
110,35
111,35
111,36
111,37
111,38
111,39
112,39
113,39
114,39
115,39
115,38
115,37
114,37
113,37
113,36
113,35
114,35
115,35
116,35
117,35
117,36
117,37
117,38
117,39
118,39
119,39
119,38
119,37
120,37
121,37
122,37
123,37
123,38
123,39
124,39
125,39
126,39
127,39
127,40
127,41
128,41
129,41
129,42
129,43
129,44
129,45
130,45
131,45
131,46
131,47
132,47
133,47
133,46
133,45
134,45
135,45
136,45
137,45
137,46
137,47
137,48
137,49
138,49
139,49
139,48
139,47
139,46
139,45
139,44
139,43
138,43
137,43
136,43
135,43
134,43
133,43
132,43
131,43
131,42
131,41
132,41
133,41
133,40
133,39
133,38
133,37
132,37
131,37
131,38
131,39
130,39
129,39
129,38
129,37
128,37
127,37
126,37
125,37
125,36
125,35
124,35
123,35
123,34
123,33
124,33
125,33
126,33
127,33
127,34
127,35
128,35
129,35
129,34
129,33
130,33
131,33
131,34
131,35
132,35
133,35
134,35
135,35
135,36
135,37
135,38
135,39
135,40
135,41
136,41
137,41
137,40
137,39
138,39
139,39
139,38
139,37
138,37
137,37
137,36
137,35
138,35
139,35
139,34
139,33
138,33
137,33
137,32
137,31
136,31
135,31
135,32
135,33
134,33
133,33
133,32
133,31
132,31
131,31
131,30
131,29
130,29
129,29
129,30
129,31
128,31
127,31
126,31
125,31
124,31
123,31
123,30
123,29
122,29
121,29
121,30
121,31
121,32
121,33
121,34
121,35
120,35
119,35
119,34
119,33
118,33
117,33
117,32
117,31
118,31
119,31
119,30
119,29
118,29
117,29
117,28
117,27
118,27
119,27
120,27
121,27
122,27
123,27
124,27
125,27
125,28
125,29
126,29
127,29
127,28
127,27
128,27
129,27
130,27
131,27
132,27
133,27
133,28
133,29
134,29
135,29
135,28
135,27
136,27
137,27
137,28
137,29
138,29
139,29
139,28
139,27
139,26
139,25
138,25
137,25
137,24
137,23
138,23
139,23
139,22
139,21
139,20
139,19
139,18
139,17
139,16
139,15
138,15
137,15
137,16
137,17
137,18
137,19
137,20
137,21
136,21
135,21
135,22
135,23
135,24
135,25
134,25
133,25
133,24
133,23
133,22
133,21
132,21
131,21
131,20
131,19
130,19
129,19
129,20
129,21
129,22
129,23
130,23
131,23
131,24
131,25
130,25
129,25
128,25
127,25
126,25
125,25
125,24
125,23
126,23
127,23
127,22
127,21
126,21
125,21
125,20
125,19
124,19
123,19
123,20
123,21
123,22
123,23
123,24
123,25
122,25
121,25
120,25
119,25
119,24
119,23
120,23
121,23
121,22
121,21
120,21
119,21
118,21
117,21
117,22
117,23
117,24
117,25
116,25
115,25
115,26
115,27
115,28
115,29
115,30
115,31
115,32
115,33
114,33
113,33
112,33
111,33
111,32
111,31
110,31
109,31
109,32
109,33
108,33
107,33
107,32
107,31
107,30
107,29
107,28
107,27
108,27
109,27
109,28
109,29
110,29
111,29
112,29
113,29
113,28
113,27
112,27
111,27
111,26
111,25
110,25
109,25
109,24
109,23
109,22
109,21
108,21
107,21
107,20
107,19
107,18
107,17
108,17
109,17
109,18
109,19
110,19
111,19
111,18
111,17
112,17
113,17
113,18
113,19
113,20
113,21
112,21
111,21
111,22
111,23
112,23
113,23
114,23
115,23
115,22
115,21
115,20
115,19
115,18
115,17
116,17
117,17
117,18
117,19
118,19
119,19
119,18
119,17
120,17
121,17
122,17
123,17
123,16
123,15
124,15
125,15
125,16
125,17
126,17
127,17
128,17
129,17
130,17
131,17
132,17
133,17
133,18
133,19
134,19
135,19
135,18
135,17
135,16
135,15
134,15
133,15
132,15
131,15
130,15
129,15
128,15
127,15
127,14
127,13
127,12
127,11
128,11
129,11
129,12
129,13
130,13
131,13
132,13
133,13
134,13
135,13
136,13
137,13
138,13
139,13
139,12
139,11
138,11
137,11
136,11
135,11
135,10
135,9
136,9
137,9
138,9
139,9
139,8
139,7
138,7
137,7
136,7
135,7
135,6
135,5
136,5
137,5
138,5
139,5
139,4
139,3
139,2
139,1
138,1
137,1
137,2
137,3
136,3
135,3
135,2
135,1
134,1
133,1
133,2
133,3
133,4
133,5
133,6
133,7
133,8
133,9
133,10
133,11
132,11
131,11
131,10
131,9
130,9
129,9
128,9
127,9
126,9
125,9
125,10
125,11
125,12
125,13
124,13
123,13
123,12
123,11
123,10
123,9
123,8
123,7
124,7
125,7
126,7
127,7
128,7
129,7
130,7
131,7
131,6
131,5
130,5
129,5
129,4
129,3
130,3
131,3
131,2
131,1
130,1
129,1
128,1
127,1
127,2
127,3
127,4
127,5
126,5
125,5
124,5
123,5
123,4
123,3
124,3
125,3
125,2
125,1
124,1
123,1
122,1
121,1
121,2
121,3
121,4
121,5
121,6
121,7
121,8
121,9
121,10
121,11
121,12
121,13
121,14
121,15
120,15
119,15
119,14
119,13
119,12
119,11
119,10
119,9
119,8
119,7
118,7
117,7
117,8
117,9
116,9
115,9
115,10
115,11
116,11
117,11
117,12
117,13
117,14
117,15
116,15
115,15
114,15
113,15
113,14
113,13
113,12
113,11
113,10
113,9
112,9
111,9
111,10
111,11
111,12
111,13
111,14
111,15
110,15
109,15
109,14
109,13
109,12
109,11
108,11
107,11
107,10
107,9
107,8
107,7
108,7
109,7
110,7
111,7
112,7
113,7
113,6
113,5
112,5
111,5
111,4
111,3
112,3
113,3
114,3
115,3
115,4
115,5
116,5
117,5
117,4
117,3
118,3
119,3
119,2
119,1
118,1
117,1
116,1
115,1
114,1
113,1
112,1
111,1
110,1
109,1
109,2
109,3
109,4
109,5
108,5
107,5
107,4
107,3
107,2
107,1
106,1
105,1
105,2
105,3
104,3
103,3
103,4
103,5
104,5
105,5
105,6
105,7
104,7
103,7
103,8
103,9
104,9
105,9
105,10
105,11
104,11
103,11
102,11
101,11
101,10
101,9
100,9
99,9
99,10
99,11
99,12
99,13
100,13
101,13
102,13
103,13
104,13
105,13
106,13
107,13
107,14
107,15
106,15
105,15
104,15
103,15
103,16
103,17
104,17
105,17
105,18
105,19
105,20
105,21
105,22
105,23
106,23
107,23
107,24
107,25
106,25
105,25
104,25
103,25
103,24
103,23
103,22
103,21
102,21
101,21
100,21
99,21
99,22
99,23
100,23
101,23
101,24
101,25
101,26
101,27
102,27
103,27
104,27
105,27
105,28
105,29
104,29
103,29
103,30
103,31
104,31
105,31
105,32
105,33
104,33
103,33
103,34
103,35
103,36
103,37
102,37
101,37
101,36
101,35
100,35
99,35
99,36
99,37
98,37
97,37
97,36
97,35
97,34
97,33
98,33
99,33
100,33
101,33
101,32
101,31
101,30
101,29
100,29
99,29
99,30
99,31
98,31
97,31
97,30
97,29
96,29
95,29
95,30
95,31
95,32
95,33
95,34
95,35
95,36
95,37
95,38
95,39
95,40
95,41
95,42
95,43
94,43
93,43
93,42
93,41
93,40
93,39
93,38
93,37
93,36
93,35
93,34
93,33
92,33
91,33
91,34
91,35
91,36
91,37
91,38
91,39
91,40
91,41
91,42
91,43
90,43
89,43
89,42
89,41
89,40
89,39
89,38
89,37
89,36
89,35
89,34
89,33
89,32
89,31
90,31
91,31
92,31
93,31
93,30
93,29
92,29
91,29
91,28
91,27
92,27
93,27
94,27
95,27
96,27
97,27
98,27
99,27
99,26
99,25
98,25
97,25
97,24
97,23
96,23
95,23
95,24
95,25
94,25
93,25
92,25
91,25
91,24
91,23
92,23
93,23
93,22
93,21
94,21
95,21
96,21
97,21
97,20
97,19
98,19
99,19
100,19
101,19
101,18
101,17
101,16
101,15
100,15
99,15
99,16
99,17
98,17
97,17
96,17
95,17
95,18
95,19
94,19
93,19
93,18
93,17
93,16
93,15
94,15
95,15
96,15
97,15
97,14
97,13
96,13
95,13
95,12
95,11
96,11
97,11
97,10
97,9
96,9
95,9
95,8
95,7
96,7
97,7
98,7
99,7
100,7
101,7
101,6
101,5
100,5
99,5
98,5
97,5
96,5
95,5
95,4
95,3
96,3
97,3
98,3
99,3
100,3
101,3
101,2
101,1
100,1
99,1
98,1
97,1
96,1
95,1
94,1
93,1
92,1
91,1
91,2
91,3
92,3
93,3
93,4
93,5
93,6
93,7
93,8
93,9
93,10
93,11
93,12
93,13
92,13
91,13
90,13
89,13
89,14
89,15
90,15
91,15
91,16
91,17
90,17
89,17
89,18
89,19
90,19
91,19
91,20
91,21
90,21
89,21
89,22
89,23
88,23
87,23
87,22
87,21
87,20
87,19
86,19
85,19
85,18
85,17
86,17
87,17
87,16
87,15
86,15
85,15
85,14
85,13
85,12
85,11
86,11
87,11
88,11
89,11
89,10
89,9
90,9
91,9
91,8
91,7
90,7
89,7
89,6
89,5
89,4
89,3
89,2
89,1
88,1
87,1
87,2
87,3
87,4
87,5
87,6
87,7
87,8
87,9
86,9
85,9
85,8
85,7
84,7
83,7
83,6
83,5
83,4
83,3
84,3
85,3
85,2
85,1
84,1
83,1
82,1
81,1
81,2
81,3
81,4
81,5
81,6
81,7
80,7
79,7
79,8
79,9
80,9
81,9
82,9
83,9
83,10
83,11
83,12
83,13
83,14
83,15
82,15
81,15
81,14
81,13
81,12
81,11
80,11
79,11
78,11
77,11
77,10
77,9
77,8
77,7
77,6
77,5
77,4
77,3
78,3
79,3
79,2
79,1
78,1
77,1
76,1
75,1
74,1
73,1
73,2
73,3
74,3
75,3
75,4
75,5
74,5
73,5
73,6
73,7
74,7
75,7
75,8
75,9
75,10
75,11
75,12
75,13
76,13
77,13
78,13
79,13
79,14
79,15
78,15
77,15
77,16
77,17
78,17
79,17
80,17
81,17
82,17
83,17
83,18
83,19
82,19
81,19
81,20
81,21
82,21
83,21
84,21
85,21
85,22
85,23
84,23
83,23
82,23
81,23
81,24
81,25
82,25
83,25
84,25
85,25
86,25
87,25
88,25
89,25
89,26
89,27
89,28
89,29
88,29
87,29
87,28
87,27
86,27
85,27
84,27
83,27
83,28
83,29
84,29
85,29
85,30
85,31
86,31
87,31
87,32
87,33
87,34
87,35
87,36
87,37
87,38
87,39
87,40
87,41
87,42
87,43
86,43
85,43
85,42
85,41
85,40
85,39
85,38
85,37
85,36
85,35
85,34
85,33
84,33
83,33
83,34
83,35
82,35
81,35
81,36
81,37
81,38
81,39
82,39
83,39
83,40
83,41
83,42
83,43
83,44
83,45
84,45
85,45
85,46
85,47
86,47
87,47
87,48
87,49
87,50
87,51
86,51
85,51
85,50
85,49
84,49
83,49
83,48
83,47
82,47
81,47
81,46
81,45
80,45
79,45
79,46
79,47
79,48
79,49
80,49
81,49
81,50
81,51
80,51
79,51
79,52
79,53
78,53
77,53
77,52
77,51
77,50
77,49
77,48
77,47
77,46
77,45
77,44
77,43
78,43
79,43
80,43
81,43
81,42
81,41
80,41
79,41
79,40
79,39
79,38
79,37
79,36
79,35
79,34
79,33
80,33
81,33
81,32
81,31
80,31
79,31
79,30
79,29
80,29
81,29
81,28
81,27
80,27
79,27
78,27
77,27
77,28
77,29
77,30
77,31
77,32
77,33
77,34
77,35
76,35
75,35
75,36
75,37
76,37
77,37
77,38
77,39
76,39
75,39
75,40
75,41
75,42
75,43
75,44
75,45
75,46
75,47
74,47
73,47
73,48
73,49
73,50
73,51
74,51
75,51
75,52
75,53
74,53
73,53
73,54
73,55
73,56
73,57
73,58
73,59
73,60
73,61
73,62
73,63
72,63
71,63
71,62
71,61
71,60
71,59
70,59
69,59
69,60
69,61
69,62
69,63
69,64
69,65
69,66
69,67
70,67
71,67
71,68
71,69
70,69
69,69
68,69
67,69
67,68
67,67
66,67
65,67
65,66
65,65
66,65
67,65
67,64
67,63
66,63
65,63
65,62
65,61
66,61
67,61
67,60
67,59
67,58
67,57
68,57
69,57
70,57
71,57
71,56
71,55
71,54
71,53
70,53
69,53
69,54
69,55
68,55
67,55
67,54
67,53
67,52
67,51
68,51
69,51
70,51
71,51
71,50
71,49
70,49
69,49
68,49
67,49
67,48
67,47
68,47
69,47
70,47
71,47
71,46
71,45
72,45
73,45
73,44
73,43
72,43
71,43
71,42
71,41
72,41
73,41
73,40
73,39
73,38
73,37
73,36
73,35
73,34
73,33
74,33
75,33
75,32
75,31
74,31
73,31
73,30
73,29
74,29
75,29
75,28
75,27
74,27
73,27
72,27
71,27
71,28
71,29
71,30
71,31
70,31
69,31
69,30
69,29
69,28
69,27
68,27
67,27
66,27
65,27
65,26
65,25
65,24
65,23
66,23
67,23
68,23
69,23
69,24
69,25
70,25
71,25
71,24
71,23
72,23
73,23
74,23
75,23
75,24
75,25
76,25
77,25
77,24
77,23
78,23
79,23
79,22
79,21
79,20
79,19
78,19
77,19
77,20
77,21
76,21
75,21
74,21
73,21
72,21
71,21
70,21
69,21
69,20
69,19
70,19
71,19
72,19
73,19
74,19
75,19
75,18
75,17
74,17
73,17
72,17
71,17
71,16
71,15
72,15
73,15
73,14
73,13
73,12
73,11
72,11
71,11
71,12
71,13
70,13
69,13
68,13
67,13
67,14
67,15
68,15
69,15
69,16
69,17
68,17
67,17
67,18
67,19
67,20
67,21
66,21
65,21
65,20
65,19
64,19
63,19
63,18
63,17
64,17
65,17
65,16
65,15
65,14
65,13
65,12
65,11
66,11
67,11
68,11
69,11
69,10
69,9
70,9
71,9
71,8
71,7
70,7
69,7
69,6
69,5
70,5
71,5
71,4
71,3
70,3
69,3
69,2
69,1
68,1
67,1
67,2
67,3
67,4
67,5
67,6
67,7
67,8
67,9
66,9
65,9
65,8
65,7
65,6
65,5
65,4
65,3
65,2
65,1
64,1
63,1
63,2
63,3
62,3
61,3
61,4
61,5
62,5
63,5
63,6
63,7
63,8
63,9
63,10
63,11
63,12
63,13
63,14
63,15
62,15
61,15
61,14
61,13
60,13
59,13
59,12
59,11
59,10
59,9
60,9
61,9
61,8
61,7
60,7
59,7
59,6
59,5
59,4
59,3
59,2
59,1
58,1
57,1
57,2
57,3
57,4
57,5
57,6
57,7
57,8
57,9
57,10
57,11
57,12
57,13
57,14
57,15
58,15
59,15
59,16
59,17
60,17
61,17
61,18
61,19
60,19
59,19
58,19
57,19
56,19
55,19
55,18
55,17
55,16
55,15
55,14
55,13
55,12
55,11
55,10
55,9
55,8
55,7
55,6
55,5
54,5
53,5
53,6
53,7
52,7
51,7
51,6
51,5
51,4
51,3
52,3
53,3
54,3
55,3
55,2
55,1
54,1
53,1
52,1
51,1
50,1
49,1
48,1
47,1
47,2
47,3
48,3
49,3
49,4
49,5
49,6
49,7
49,8
49,9
50,9
51,9
52,9
53,9
53,10
53,11
53,12
53,13
53,14
53,15
52,15
51,15
51,14
51,13
51,12
51,11
50,11
49,11
49,12
49,13
49,14
49,15
48,15
47,15
47,14
47,13
47,12
47,11
47,10
47,9
47,8
47,7
46,7
45,7
45,6
45,5
45,4
45,3
45,2
45,1
44,1
43,1
43,2
43,3
43,4
43,5
43,6
43,7
42,7
41,7
41,6
41,5
41,4
41,3
41,2
41,1
40,1
39,1
39,2
39,3
39,4
39,5
39,6
39,7
38,7
37,7
37,8
37,9
38,9
39,9
40,9
41,9
42,9
43,9
44,9
45,9
45,10
45,11
44,11
43,11
42,11
41,11
40,11
39,11
38,11
37,11
37,12
37,13
38,13
39,13
40,13
41,13
42,13
43,13
44,13
45,13
45,14
45,15
44,15
43,15
42,15
41,15
41,16
41,17
42,17
43,17
43,18
43,19
44,19
45,19
45,18
45,17
46,17
47,17
48,17
49,17
50,17
51,17
52,17
53,17
53,18
53,19
53,20
53,21
54,21
55,21
56,21
57,21
58,21
59,21
60,21
61,21
62,21
63,21
63,22
63,23
63,24
63,25
62,25
61,25
61,24
61,23
60,23
59,23
59,24
59,25
58,25
57,25
57,24
57,23
56,23
55,23
55,24
55,25
55,26
55,27
56,27
57,27
57,28
57,29
57,30
57,31
58,31
59,31
59,30
59,29
59,28
59,27
60,27
61,27
62,27
63,27
63,28
63,29
63,30
63,31
62,31
61,31
61,32
61,33
62,33
63,33
64,33
65,33
65,32
65,31
65,30
65,29
66,29
67,29
67,30
67,31
67,32
67,33
68,33
69,33
70,33
71,33
71,34
71,35
70,35
69,35
69,36
69,37
70,37
71,37
71,38
71,39
70,39
69,39
69,40
69,41
69,42
69,43
69,44
69,45
68,45
67,45
67,44
67,43
67,42
67,41
67,40
67,39
66,39
65,39
65,38
65,37
66,37
67,37
67,36
67,35
66,35
65,35
64,35
63,35
63,36
63,37
63,38
63,39
63,40
63,41
62,41
61,41
61,42
61,43
62,43
63,43
64,43
65,43
65,44
65,45
65,46
65,47
64,47
63,47
63,46
63,45
62,45
61,45
61,46
61,47
61,48
61,49
62,49
63,49
63,50
63,51
64,51
65,51
65,52
65,53
65,54
65,55
64,55
63,55
63,54
63,53
62,53
61,53
61,52
61,51
60,51
59,51
59,50
59,49
59,48
59,47
59,46
59,45
59,44
59,43
58,43
57,43
57,44
57,45
57,46
57,47
57,48
57,49
56,49
55,49
55,48
55,47
55,46
55,45
55,44
55,43
54,43
53,43
53,44
53,45
52,45
51,45
51,44
51,43
50,43
49,43
49,44
49,45
48,45
47,45
47,44
47,43
47,42
47,41
48,41
49,41
50,41
51,41
52,41
53,41
54,41
55,41
56,41
57,41
58,41
59,41
59,40
59,39
60,39
61,39
61,38
61,37
61,36
61,35
60,35
59,35
59,34
59,33
58,33
57,33
57,34
57,35
56,35
55,35
55,36
55,37
56,37
57,37
57,38
57,39
56,39
55,39
54,39
53,39
53,38
53,37
53,36
53,35
53,34
53,33
52,33
51,33
51,34
51,35
51,36
51,37
51,38
51,39
50,39
49,39
49,38
49,37
49,36
49,35
49,34
49,33
49,32
49,31
50,31
51,31
52,31
53,31
54,31
55,31
55,30
55,29
54,29
53,29
52,29
51,29
50,29
49,29
49,28
49,27
50,27
51,27
52,27
53,27
53,26
53,25
52,25
51,25
50,25
49,25
48,25
47,25
